
---------- Start Run 2 ----------

Cluster 0: Center = 0.47780788,0.26662642
0.76378226,0.76532406 0.8130752,0.75120944 0.26324722,0.32361445 0.456077,0.14861777 0.3146043,0.18598461 0.37139627,0.07319525 0.32078883,0.16447535 0.42444748,0.36983192 0.4622962,0.25203016 0.32580835,0.39602357 
0.28289667,0.4491853 0.30334955,0.16218829 0.22835442,0.46583372 0.29260972,0.1907177 0.3211241,0.19159812 0.33162808,0.32323807 0.258645,0.32259414 0.41306946,0.28404602 0.36246517,0.26306182 0.47196683,0.24607155 
0.23209697,0.47509024 0.37596723,0.2808296 0.38504243,0.38742372 0.27085194,0.33869916 0.42186475,0.042050958 0.38509783,0.19327962 0.33247325,0.34070206 0.3283834,0.41588387 0.45754722,0.17257577 0.33150917,0.057644963 
0.4191282,0.16493532 0.3411711,0.213007 0.3982975,0.23915228 0.4151868,0.3912563 0.32288092,0.37210485 0.40526238,0.37647718 0.37445682,0.4777063 0.37463936,0.29754055 0.4457383,0.039412975 0.38072255,0.07898143 
0.2781228,0.45918182 0.35921204,0.49141216 0.41935253,0.43248948 0.47978532,0.0037414432 0.39988428,0.049601793 0.47068033,0.48888448 0.45655748,0.12495971 0.41562307,0.2617812 0.3001627,0.16822276 0.35877547,0.13388255 
0.39669088,0.24800542 0.30167043,0.3987778 0.46751168,0.36548936 0.35457206,0.26722914 0.28079426,0.49298155 0.46374536,0.36916006 0.33133155,0.4497199 0.44541997,0.2470771 0.20757487,0.4514074 0.33980447,0.36925948 
0.31942463,0.2838497 0.32513225,0.27093506 0.33709842,0.49752027 0.45308486,0.3227365 0.39369097,0.09925246 0.39207318,0.20279515 0.3731927,0.48678142 0.33660123,0.24076772 0.36489156,0.25891197 0.45883512,0.25608984 
0.710503,0.3637906 0.6379685,0.25075835 0.7385563,0.37438336 0.650898,0.12347131 0.608274,0.1794238 0.74011016,0.31124744 0.6390901,0.3608621 0.6351822,0.079141 0.67162377,0.14168213 0.6131846,0.3884402 
0.7287671,0.2682702 0.6814152,0.31632408 0.6366525,0.27630788 0.60673344,0.2908083 0.701768,0.08565026 0.7796836,0.100422405 0.7557113,0.20849311 0.7286737,0.15677169 0.690206,0.14609197 0.75521564,0.37118304 
0.7877481,0.3766111 0.74578,0.0918047 0.6435881,0.35446432 0.605242,0.3139871 0.7605653,0.31606695 0.6148715,0.07125332 0.79547584,0.24738923 0.60275614,0.09400477 0.6881465,0.018306518 0.7003201,0.37131464 
0.6573006,0.3108115 0.7196876,0.33190116 0.7031237,0.08255289 0.6351286,0.1320614 0.74285746,0.30982935 0.67283773,0.3422098 0.64925355,0.1928304 0.7895995,0.18670164 0.678538,0.2528965 0.69442356,0.35462052 
0.63647974,0.1281131 0.6440838,0.37419388 0.629115,0.03142445 0.7145704,0.18795049 0.61594486,0.2046268 0.687637,0.17230935 0.7645898,0.07496645 0.62656426,0.06761315 0.71684784,0.32995448 0.77420366,0.08074746 
0.7030915,0.14692865 0.6840956,0.22830553 0.61438036,0.16643627 0.7116978,0.1307408 0.6232019,0.25814614 0.637582,0.1674716 0.64959955,0.08781689 0.6914475,0.32370478 0.7231545,0.1632624 0.686462,0.038418364 
0.6969182,0.30329224 0.6540887,0.08873885 0.79104304,0.32086733 0.68085444,0.17874025 0.63191813,0.045720078 0.6491273,0.13739584 0.6850853,0.055774547 0.69027597,0.031567883 0.74290705,0.28473222 0.6520628,0.24796878 
0.784863,0.059424162 0.78670275,0.04255972 0.6009317,0.2983995 0.7454518,0.14642441 0.7158874,0.023092557 0.75639284,0.22551203 0.74910116,0.8418702 0.5400213,0.5911745 0.26454008,0.9214355 0.5862342,0.12960386 
0.3396567,0.64905274 0.41547394,0.4602195 0.4281751,0.34806418 0.7866423,0.21830261 0.8066106,0.66485 0.91692865,0.04195428 0.23757887,0.7416688 0.5221962,0.15624952 0.8197465,0.16848612 0.56419873,0.88044155 
0.6490022,0.47228825 0.59696937,0.8116989 0.88430786,0.2382853 0.4040377,0.08929241 0.32689,0.6509346 0.113281846,0.7789105 0.3129158,0.5025269 0.3398707,0.5058876 1.0122827,0.09208894 0.7669854,0.57063043 
0.78161836,0.3236755 0.8416985,0.4340824 0.78603053,0.26554775 0.52323055,0.92807436 0.9465977,0.052524567 
Cluster 0: New center = 0.5492616,0.28459886

Cluster 1: Center = 1.2963661,1.788644
1.0548141,1.2440839 1.0997401,1.1897144 1.1672547,1.2417474 1.1444273,1.2046064 1.1595283,1.2139902 1.0277146,1.2343185 1.093741,1.1672826 1.0308516,1.2331581 1.2279629,1.2218351 1.51726,1.7112468 
1.5063463,1.5474128 1.5418725,1.8728086 1.5026627,1.7971241 1.2953477,1.8833926 1.2721097,1.7611253 1.3176814,1.9008853 1.3183852,1.7084663 1.2307462,1.6709882 1.2097834,1.8900666 1.2141128,1.6868767 
1.2056015,1.8858242 1.2849813,1.8488346 1.3989874,1.7626736 1.3165396,1.6623638 1.2414408,1.775667 1.2101228,1.8792126 1.2605058,1.8888445 1.3442736,1.924218 1.2614411,1.6032579 1.394767,1.6448686 
1.3947062,1.9642408 1.260844,1.9221761 1.2234049,1.7188367 1.2099372,1.7725198 1.3753299,1.7032292 1.2400831,1.634981 1.2718227,1.8054911 1.231112,1.642476 1.250703,1.82039 1.2061998,1.7125715 
1.2289691,1.6754541 1.3901782,1.8654263 1.3926398,1.8877052 1.2803719,1.9030371 1.393738,1.7759959 1.3975395,1.6682769 1.2145844,1.6858633 1.2662318,1.6804621 1.3166343,1.7609351 1.2903308,1.7176157 
1.2432623,1.8910596 1.2647616,1.9251338 1.3743385,1.8858778 1.3210919,1.9964713 1.2482605,1.8502088 1.2068263,1.9280866 1.3305559,1.9904416 1.2393348,1.6163192 1.3526986,1.9616733 1.3750914,1.6450417 
1.2239398,1.8581635 1.3873396,1.8893307 1.2337649,1.9833195 1.3594179,1.6097407 1.3199683,1.8896939 1.2851952,1.8642708 1.2046875,1.6492208 1.2029879,1.7584101 1.3959671,1.749712 1.2049211,1.9529938 
1.2816955,1.8050668 1.2595693,1.9367193 1.2084426,1.6056494 1.3614013,1.7547572 1.3737776,1.9411237 1.2280548,1.8305207 1.3801966,1.8793117 1.3806615,1.622061 1.3650515,1.801987 1.332176,1.9142227 
1.279851,1.9845731 1.2071246,1.7754074 1.3707086,1.8999928 1.2939849,1.6728069 1.2832959,1.6171609 1.3569236,1.9524841 1.3703085,1.9017562 1.2369416,1.9763019 1.1725122,1.996276 1.0106003,1.6972133 
1.0643126,1.8669351 1.0961462,1.8518549 1.3623157,1.5210958 1.4297317,1.4106998 1.4865767,1.7051741 1.1304225,1.7113888 1.032541,1.786257 1.4268292,1.8756577 1.4526111,1.5443143 1.5199263,1.9563519 
1.2288977,1.4758229 1.4723904,1.4292283 1.3415128,1.5955703 1.4046152,1.1838646 1.3890617,1.881502 1.2922305,1.8938136 1.1768218,1.9248073 1.4832662,1.6582686 1.3453034,1.2664248 
Cluster 1: New center = 1.2876107,1.730038

Cluster 2: Center = 0.082191765,0.1467497
0.128474,0.2450926 0.056087136,0.48973632 0.0500533,0.3738182 0.17264673,0.28943598 0.105678886,0.3392897 0.23280248,0.13506109 0.13038567,0.2701737 0.10426074,0.2926206 0.014426261,0.39069432 0.23923934,0.2506194 
0.23053211,0.2032797 0.14873311,0.42819852 0.1656025,0.015133053 0.06947473,0.021498412 0.049925834,0.0445199 0.107861936,0.11354461 0.13198477,0.3372731 0.11420849,0.025871933 0.016803384,0.26577306 0.1315422,0.40355384 
0.04163766,0.2576101 0.14869773,0.20351961 0.12759957,0.098810226 0.034807116,0.49167275 0.07988888,0.0031299293 0.20176676,0.20228145 0.12865895,0.42782155 0.20207328,0.15815583 0.1595268,0.4643209 0.110227406,0.057264775 
0.031699717,0.49319598 0.23283637,0.31797254 0.013639122,0.14665568 0.15162179,0.07594779 0.16857648,0.39499307 0.22753212,0.28123865 0.21753573,0.37618262 0.22804314,0.22092348 0.09347236,0.38402417 0.109464854,0.24751878 
0.13277823,0.11568096 0.059170574,0.15235528 0.25013247,0.061540157 0.12521905,0.117954016 0.036358833,0.38074112 0.008526564,0.26801807 0.041228354,0.06474218 0.027412772,0.4785007 0.07814047,0.069781125 0.1434859,0.2620787 
0.0011406541,0.21800539 0.022148907,0.27155486 0.10820493,0.23718321 0.05448112,0.2355735 0.13893902,0.17634213 0.16673476,0.08327043 0.17689699,0.023058802 0.22263607,0.016572416 0.03600788,0.3652704 0.078790724,0.48565882 
0.0929144,0.20978239 0.1157625,0.058611214 0.23440146,0.28584853 0.08845645,0.31237036 0.0816541,0.16040227 0.22102168,0.2508581 0.10421339,0.33493593 0.194251,0.063955426 0.086612284,0.010472089 0.05971217,0.21789059 
0.106084466,0.29465276 0.03127253,0.016177773 0.14935058,0.21436518 0.09145984,0.08063573 0.12938547,0.48332697 0.2857539,0.15326816 0.053666353,0.115085155 0.12196329,0.12844753 0.25929406,0.07949206 0.075861305,0.27840236 
0.13401362,0.30952218 0.11995998,0.4685269 0.18033552,0.42414486 0.0336473,0.2341398 0.07305241,0.54498005 0.09733617,0.4731449 
Cluster 2: New center = 0.11906862,0.23867154

Cluster 3: Center = 1.7714237,1.7357849
1.7049266,1.6432706 1.9113326,1.7933292 1.6790364,1.8307338 1.6892306,1.5902507 1.6337824,1.6237336 1.7531756,1.8758419 1.5490413,1.8212496 1.7485023,1.7644094 1.892266,1.8728737 1.7492034,1.565208 
1.5216067,1.5272751 1.7505813,1.5139264 1.6975273,1.8274032 1.8785586,1.9158744 1.700213,1.6684579 1.5507138,1.6822753 1.6587448,1.8380595 1.7554343,1.7888299 1.6643894,1.5084796 1.8603736,1.5273914 
1.9935628,1.9665798 1.6045829,1.552284 1.5265403,1.6720814 1.7663221,1.7074172 1.8076779,1.8557806 1.709733,1.8072609 1.9236605,1.5860572 1.6225387,1.899184 1.6710093,1.9875429 1.7279731,1.5722641 
1.9846858,1.6549556 1.9456296,1.7406751 1.5900801,1.9662321 1.7782652,1.8271459 1.8977215,1.7415507 1.8045174,1.6216128 1.9015574,1.667151 1.8802148,1.6281329 1.6297517,1.9947128 1.7733934,1.9514585 
1.979116,1.8097413 1.8831581,1.9718629 1.9993688,1.895617 1.9147973,1.8022177 1.6809335,1.7445425 1.9266617,1.9028677 1.7367511,1.8630468 1.8301136,1.638262 1.6925659,1.6653521 1.9674287,1.5213578 
1.5316439,1.535421 1.9972588,1.8890313 1.6666002,1.5120414 1.7604411,1.6937513 1.8638021,1.916383 1.5555012,1.5381861 1.9172508,1.5981456 1.6701771,1.9396838 1.8817198,1.6008317 1.885397,1.898033 
1.7940354,1.933211 1.5465485,1.5691187 1.8349074,1.7720543 1.8667012,1.5739598 1.9875,1.8964279 1.9629992,1.9771415 1.9738283,1.9150162 1.9007492,1.5382278 1.9546837,1.6568397 1.7621148,1.5867958 
1.9918504,1.7225033 1.6217923,1.5398043 1.766761,1.9130019 1.6516733,1.5356432 1.7274581,1.5995153 1.8574642,1.9160093 1.6346475,1.8468704 1.868128,1.7549077 1.7029688,1.6370171 1.6522313,1.6785643 
1.8784347,1.5037776 1.5812871,1.7276964 1.721291,1.9573758 1.9989805,1.5917506 1.6003952,1.5010315 1.9546123,1.7386146 1.7043407,1.9698145 1.8101945,1.9614818 1.7985033,1.7433109 1.7455007,1.8709013 
1.7281499,1.7949203 1.8253825,1.7406213 1.6515428,1.6897788 1.710141,1.8867451 1.6425182,1.6963725 1.7753171,1.8726581 1.6507602,1.6616118 1.9837626,1.8698131 1.7208381,1.5115535 1.5798969,1.8909869 
1.7790155,1.9748602 1.6505733,1.9725019 1.7572193,1.8250632 1.6050541,1.8426514 1.579716,1.6194715 1.5418924,1.5934792 1.5794785,1.8547002 1.7432024,1.9327158 1.6314446,1.7743552 1.5760485,1.6470699 
1.987808,1.5928401 1.922652,1.5943465 1.8816088,1.842549 1.9862912,1.6906381 1.9820099,1.8921263 1.9892131,1.7248715 1.8333751,1.940717 1.7928237,1.9629707 1.9343818,1.8154645 1.6656556,1.7453725 
1.5207434,1.6011077 1.6932627,1.6963677 1.9846691,1.8914876 1.9383975,1.5604008 1.8031082,1.8166265 1.7816089,1.9301082 1.5483758,1.6624365 1.974513,1.6685499 1.622704,1.5417392 1.5543774,1.8444774 
1.8934628,1.9560015 1.73767,1.565394 1.5661739,1.6438164 1.7053804,1.8700517 1.777873,1.7499546 1.7504365,1.8264624 1.8400311,1.5106916 1.8939884,1.540466 1.7937338,1.9446454 1.8348727,1.866404 
1.6517434,1.8206091 1.7968862,1.5780036 1.6188548,1.8095053 1.6930623,1.867125 1.7490213,1.5011121 1.8074591,1.6709563 1.6665504,1.5798308 1.9192646,1.3321074 1.6509302,1.8388207 1.9779484,1.9950678 
1.9913868,1.5687053 1.9869434,1.408981 1.8426155,1.355036 1.6949149,1.7010912 1.6108559,1.2689371 1.8933222,1.3358866 1.8384693,1.0995022 1.6594718,1.6415583 1.5983162,1.8169291 1.7594918,1.4493737 
1.9483567,1.2581844 
Cluster 3: New center = 1.772301,1.7247328

Cluster 4: Center = 0.23764351,1.6926646
0.3991922,1.8290958 0.09072426,1.6170361 0.008969545,1.9751198 0.35944664,1.5063449 0.043940127,1.5743644 0.1974816,1.889538 0.38616756,1.8861268 0.15118608,1.6242652 0.29467332,1.8549676 0.44389445,1.6745223 
0.3696949,1.7016308 0.32537612,1.7456963 0.1848945,1.8913896 0.08960059,1.9998951 0.26963872,1.6293037 0.01191774,1.5499951 0.37546068,1.6779103 0.06288543,1.6589711 0.0041718483,1.7570204 0.3407758,1.5073726 
0.14470759,1.9162844 0.2247583,1.746308 0.09853408,1.5761074 0.21810389,1.8432164 0.42195103,1.7224963 0.2405028,1.5052088 0.42250985,1.8922148 0.0811162,1.9259884 0.4236663,1.6384821 0.17315128,1.7737925 
0.016081452,1.9489226 0.2581144,1.606338 0.21457332,1.8122854 0.053176403,1.9654455 0.4421602,1.5564773 0.43559954,1.6385238 0.34694144,1.5047209 0.010538161,1.8826967 0.3590231,1.6422442 0.28823802,1.618196 
0.41480225,1.6156688 0.115719914,1.5071007 0.4376407,1.5284209 0.23782209,1.8903513 0.3626852,1.5569594 0.30180147,1.6308907 0.043884754,1.9829553 0.21135,1.7877328 0.26305676,1.8408294 0.14175981,1.6071827 
0.2286171,1.7289866 0.36732224,1.7625217 0.41015854,1.7208003 0.020855635,1.5521245 0.39963874,1.9833863 0.25135273,1.8070579 0.32887504,1.7269964 0.15289927,1.756566 0.0931046,1.8670583 0.037895083,1.902562 
0.28620046,1.5870969 0.46338457,1.7083204 0.12639984,1.6081598 0.05501908,1.8587345 0.24887103,1.6454387 0.37212694,1.7188368 0.20464703,1.9935257 0.41006333,1.6178088 0.4465863,1.6368995 0.1142686,1.7338831 
0.118934095,1.8026986 0.19194219,1.9596275 0.049251318,1.7205243 0.10907483,1.6813543 0.2890314,1.6825688 0.23286313,1.5961747 0.04094085,1.9671043 0.1082854,1.7573397 0.20821232,1.9504702 0.2187551,1.7664821 
0.091961354,1.6968242 0.48866698,1.5563083 0.14462015,1.6671876 0.2688125,1.5790045 0.12950873,1.5247035 0.06276405,1.941171 0.37855256,1.7164041 0.024298042,1.7682354 0.33786708,1.8573393 0.25265065,1.6501505 
0.15576845,1.9071357 0.33224434,1.6229075 0.1355047,1.5039325 0.08938417,1.8343754 0.2993638,1.8934941 0.24338567,1.5620899 0.3012089,1.6143882 0.49621668,1.5296401 0.12999466,1.9484403 0.21509323,1.6135491 
0.4076121,1.5220627 0.27800897,1.6508967 0.40883636,1.8783629 0.0514687,1.9108388 0.21213481,1.9592627 0.37430078,1.6706903 0.27653497,1.5447321 0.005063027,1.75937 0.2047461,1.7158661 0.15706563,1.6247411 
0.114343375,1.7525591 0.023329973,1.8743445 0.06953284,1.752231 0.025030404,1.5716333 0.39534706,1.9826 0.09651387,1.9087489 0.10799852,1.641799 0.17657816,1.6080346 0.20850816,1.8659756 0.060645103,1.9878356 
0.02402693,1.5893397 0.4603082,1.5761073 0.28516868,1.5876994 0.38539225,1.9319139 0.060792297,1.8380022 0.17925891,1.6889343 0.4039715,1.9157935 0.44573408,1.7437291 0.14674154,1.8433266 0.23312536,1.7224412 
0.11036569,1.9870263 0.20914847,1.6582448 0.11926043,1.6690087 0.33951277,1.5943093 0.20913011,1.5020305 0.1303033,1.7651823 0.16567102,1.5986592 0.056957483,1.5863755 0.26904568,1.8012408 0.19567794,1.7451792 
0.43408787,1.1939507 0.52079606,1.2892127 0.08463657,1.9145713 0.064724445,1.7326055 0.5111464,1.2560847 0.15913105,1.7894151 0.33236015,1.4638941 0.26799643,1.0796598 0.10251248,1.4883701 0.23930931,1.0634946 
0.22967649,1.911282 0.539945,1.0781095 0.24430919,1.1815127 0.0643841,1.7955282 0.048118234,0.9714272 0.52443635,1.0263778 0.4071889,1.8905019 0.30913532,1.9648569 0.13643432,1.3445884 0.3095541,1.2830809 

Cluster 4: New center = 0.2286911,1.6953043

Cluster 5: Center = 1.3758775,0.56549215
1.1161073,0.9766761 1.0311956,1.1147479 1.1522543,0.98150086 0.9164468,0.9200516 1.0351468,0.9815177 1.1426132,0.82993305 1.0935984,0.9677038 1.135385,1.0673473 1.1031471,0.79848003 0.8642066,0.81145597 
1.2256353,1.1494403 1.0662434,1.0918907 1.101634,1.1122311 1.2316663,0.8007363 0.97246146,0.8571528 0.8487736,0.88048387 0.8591728,0.83359325 1.1018915,1.0839827 1.0022527,0.9810792 1.0990927,1.1408812 
1.0656656,0.92871433 0.9103347,0.7534548 1.0800967,0.8324181 0.8827602,0.9885298 1.0156856,0.8133998 1.0064344,0.80691826 1.2186207,1.1598822 0.94142795,1.0404172 1.2059513,1.062165 1.1888585,0.7994026 
0.970914,1.0697808 1.1707795,1.0530387 0.9915167,0.77226436 1.1171054,0.7933583 0.8314865,0.93041515 1.1601729,1.0972755 1.0522351,0.76521254 1.1749866,1.1208695 1.1944054,0.85682 1.160476,0.93879914 
1.035242,0.8507446 1.0639619,1.1560054 1.2144068,0.84679574 1.1596285,1.0070013 1.0072699,0.9694243 0.84101456,0.89713275 1.098788,1.1466568 1.2090153,0.84932506 1.1540189,1.1108488 1.0198789,1.0955219 
1.1794559,1.041934 1.2387732,0.99076307 1.2470648,0.8559828 1.1973144,0.91991305 0.9303835,1.1063657 1.0925133,1.0117028 1.1526856,1.0679948 1.1353897,1.0674809 0.97888744,0.9351517 1.0295581,0.986372 
1.0223153,0.89089036 1.112658,1.0564382 0.9357393,1.1169348 1.1001446,1.0428283 0.8194989,0.9666721 1.1111323,0.8863695 1.091285,0.97639406 0.87672293,1.0232538 1.1642183,0.8110926 1.2248937,1.040468 
0.9244795,1.005971 1.1151919,0.8248575 1.239955,0.8398578 1.1903354,0.82065564 1.0920866,0.78556305 1.2379115,0.84857064 0.79287064,0.9438141 0.83669627,0.90300626 1.2198141,0.9874904 1.0701642,0.8701471 
0.9380851,0.9871673 0.85854155,1.0243587 1.1021867,0.7935381 1.2068021,0.9071555 1.2213898,0.9931595 1.2346234,1.0490357 1.1017009,0.84692574 1.0810976,1.0650454 0.9035698,0.8789984 0.9966967,0.82590544 
1.1819832,1.0115917 1.0744076,1.1528993 0.9666506,1.0348332 1.0265889,1.1286874 0.79945564,0.9958153 0.82354444,1.0226659 1.10789,0.93150055 1.159659,0.97830904 0.90407366,0.93553686 1.0959342,1.0843945 
1.2031814,0.82482874 0.94400096,1.0158459 0.98599076,0.92945814 1.0700873,0.88194835 1.1365559,1.11924 1.0375607,0.9165337 0.88585734,0.95129263 1.0295019,1.0262316 1.1613611,1.046596 1.0579596,0.8091593 
1.2263688,0.8884157 1.153223,1.1138786 0.8283781,1.041918 0.84308195,0.82157815 1.1408148,0.89779973 0.96546847,0.80016017 1.1400492,0.8042086 1.213743,1.1437753 1.5034109,0.30163082 1.7947814,0.0684008 
1.6002722,0.43966895 1.9811982,0.15465 1.9753828,0.3818923 1.8677628,0.47199062 1.5520369,0.36473832 1.9478664,0.2197941 1.6302073,0.20697868 1.6563727,0.4345253 1.7962513,0.08450955 1.8841326,0.17987853 
1.5259123,0.18002194 1.7347944,0.15385112 1.7119528,0.006531447 1.5072155,0.19522938 1.611127,0.48626578 1.8025742,0.33265758 1.6716493,0.19132707 1.5253667,0.046031803 1.8588946,0.44278693 1.7366136,0.34362164 
1.5666208,0.33388886 1.5735712,0.041083843 1.9840055,0.09748113 1.747097,0.13967472 1.9881008,0.40465257 1.8485092,0.13115305 1.67202,0.46580148 1.5969678,0.48699084 1.7364336,0.4735368 1.781264,0.42375472 
1.6457536,0.19091147 1.972256,0.12703046 1.7631323,0.037609875 1.8100171,0.058971763 1.905055,0.009685844 1.7770964,0.12118104 1.7680093,0.38211486 1.8530236,0.09669247 1.8132994,0.09946054 1.9970963,0.36260006 
1.8040302,0.048386604 1.8604767,0.4924236 1.9312578,0.32173628 1.9469472,0.074974895 1.8066579,0.074045986 1.709253,0.08957508 1.9246566,0.44188294 1.5342952,0.35375956 1.8922098,0.18901807 1.7894558,0.23939046 
1.6960453,0.3471452 1.9946907,0.071552396 1.7415004,0.059675902 1.551322,0.2284972 1.715209,0.26089504 1.5170407,0.16285104 1.8441632,0.47443447 1.9392896,0.20602149 1.913221,0.016699046 1.8823934,0.05841294 
1.8856608,0.03997487 1.8302692,0.4038227 1.6532428,0.31457785 1.8113827,0.4116689 1.9260432,0.3943861 1.6263621,0.27799582 1.8488445,0.1599673 1.7064276,0.28395742 1.6105297,0.11499938 1.8447695,0.47259247 
1.6988446,0.10707322 1.9317927,0.124730855 1.9509505,0.42067796 1.6811476,0.18061337 1.6497409,0.07197955 1.8495808,0.071456164 1.7252784,0.24111533 1.5391786,0.16246286 1.7628374,0.45038384 1.5470073,0.38570136 
1.659957,0.2804212 1.8399793,0.016049147 1.9991,0.115020245 1.6534326,0.2997552 1.5625038,0.31952703 1.5352858,0.14747557 1.5257686,0.35244787 1.5374339,0.0060825646 1.8562566,0.085704 1.871176,0.095433444 
1.9030591,0.28442383 1.5238948,0.3865046 1.7412887,0.2453196 1.6206267,0.07376143 1.5012089,0.065092474 1.8172008,0.42329207 1.8131279,0.032226533 1.5594397,0.37092718 1.8087368,0.25602043 1.8699936,0.18454295 
1.8084133,0.16311225 1.8488383,0.4940556 1.9765083,0.26548514 1.6452537,0.27310154 1.5831184,0.2251702 1.8193996,0.3244003 1.9764907,0.2951896 1.7913971,0.26231787 1.9250499,0.11680576 1.7477418,0.28800067 
1.7382388,0.39108288 1.9105616,0.097325295 1.7437465,0.48130673 1.7370619,0.09811252 1.783292,0.18802136 1.926211,0.26743293 1.750459,0.19577211 1.7287805,0.37656587 1.7361442,0.12293288 1.7546663,0.38700968 
1.9111457,0.23391399 1.945343,0.23951453 1.6569967,0.10198787 1.6513726,0.33790442 1.5355093,0.44877738 1.5781728,0.16048512 1.9262133,0.11648464 1.7244844,0.04271841 1.7304361,0.09995797 1.7033079,0.17312068 
1.9968148,0.07983711 1.9407637,0.09074214 1.7817175,0.30177978 1.7008715,0.04864481 1.731859,0.21235484 1.7557993,0.2441735 1.63452,0.09863126 1.82876,0.12531859 1.7379785,0.13454598 1.6380013,0.32786095 
1.7809064,0.41968966 1.9154838,0.2519048 1.9140517,0.29530475 1.9690443,0.47206342 1.8110102,0.4808062 1.8810693,0.17175016 1.9671167,0.37409285 1.5405169,0.25825065 1.2816862,0.13341598 1.2508996,0.2459725 
1.2469535,0.23028927 1.3556671,0.14517479 1.2976682,0.07744806 1.350872,0.0948983 1.2509278,0.10439618 1.2835352,0.3346016 1.2749848,0.10350125 1.3564702,0.39214465 1.3205569,0.23187771 1.3767805,0.34366634 
1.3118547,0.39815646 1.255766,0.3045854 1.2376087,0.36421892 1.290541,0.2550687 1.2810265,0.25068292 1.2986622,0.23837422 1.2968415,0.3001581 1.3218607,0.22506812 1.345983,0.16222613 1.395866,0.2327061 
1.2138675,0.05091393 1.3755996,0.2083541 1.3338048,0.13625526 1.3253099,0.14872967 1.3758297,0.004069996 1.3890139,0.008789587 1.3480988,0.39888412 1.3466758,0.26673266 1.2589319,0.3173845 1.3374184,0.26288578 
1.2726561,0.3049005 1.3331892,0.27305603 1.3163807,0.008910394 1.2804902,0.3143438 1.3142867,0.2252663 1.2431669,0.19142662 1.2404329,0.044561457 1.39058,0.31937188 1.3281624,0.3159835 1.2106898,0.2827857 
1.2023079,0.31341115 1.3975025,0.16122746 1.3957833,0.23269044 1.3849282,0.23006666 1.3674948,0.26537484 1.3964897,0.31591627 1.339723,0.04282398 1.2072244,0.38448384 1.34234,0.12633836 1.3368767,0.20758525 
1.2615144,0.23048139 1.3778646,0.36379015 1.3563459,0.08338387 1.2404649,0.28201634 1.3372892,0.014511394 1.2597723,0.28493404 1.3522329,0.20257877 1.2027324,0.31908706 1.2195022,0.20450225 1.2611606,0.19908316 
1.2772834,0.10141485 1.3388251,0.15296657 1.3923857,0.31924045 1.3760004,0.25175557 1.3495888,0.050572325 1.2759342,0.26264217 1.301208,0.1954257 1.3852254,0.184286 1.2558728,0.23978154 1.3383693,0.31953886 
1.2569407,0.040502764 1.2551602,0.27426893 1.2752078,0.13826405 1.9451014,0.47880614 1.3618431,0.2375058 1.8765295,0.61610603 1.1289597,1.0752722 1.7773535,0.5993507 1.670385,0.061679363 1.476814,0.057808876 
1.2444918,0.38551164 1.2610756,1.0492052 1.385112,0.5627557 0.9914504,0.97432566 1.1988839,0.33536422 1.7598953,1.0538018 1.7088829,0.9343146 1.4042324,0.14529836 0.92495096,0.6534755 1.4976808,0.32881343 
1.0901935,0.7422552 1.3898853,0.41505158 0.78821087,0.9704336 1.2307266,0.22114956 0.9834807,1.1256423 1.4843277,0.2897365 1.9736208,0.85001767 1.5264804,0.34574425 1.8338372,0.7691331 0.9537531,0.42732942 
1.9031438,0.37006307 1.3093421,1.0431271 1.5916215,0.92361283 1.1802106,0.39910758 1.0313227,0.8203144 1.1757354,0.5733228 1.2278701,0.2867416 1.3013556,0.71795154 1.1429809,0.084003806 1.3379439,0.14533007 
1.3177725,0.7595439 1.9796376,0.61653626 1.4861665,0.30690455 1.1423033,0.49901116 1.4632252,1.1555609 1.1684725,0.5641669 1.425399,0.9840348 1.5871509,0.25386357 1.6238825,0.4128549 
Cluster 5: New center = 1.4207673,0.49161065

Cluster 6: Center = 0.688248,1.7921032
0.9017941,1.1701245 0.8410914,1.1321034 0.79680884,1.2156192 0.82775533,1.2308035 0.92564344,1.1999317 0.8152689,1.2144417 0.8845283,1.2180438 0.91597724,1.2077272 0.76224065,1.1712856 0.81662154,1.191419 
0.9508325,1.1995969 0.9550327,1.2324235 0.8090606,1.0987322 0.88139796,1.213922 0.90190864,1.23463 0.86740184,1.2296201 0.8836161,1.1661807 0.78021693,1.1883949 0.83321345,1.2152528 0.7799802,1.1339971 
0.9647542,1.1678085 0.43931514,1.9818841 0.4603041,1.9794332 0.4980511,1.6818234 0.4799159,1.9860561 0.4678182,1.9507693 0.4371638,1.8978963 0.47451183,1.7724911 0.46630043,1.938918 0.41933838,1.9512218 
0.48610592,1.9964187 0.7087323,1.8438374 0.6676478,1.9561903 0.688866,1.6271065 0.666365,1.6172757 0.6238259,1.8345177 0.6330777,1.7877154 0.606176,1.7460399 0.7374118,1.6834351 0.74412537,1.9575214 
0.61647886,1.6473713 0.6099714,1.9443179 0.76831025,1.6765996 0.6858402,1.7368234 0.6835177,1.6458503 0.6401883,1.9136388 0.78799474,1.969115 0.7906134,1.8764431 0.76704097,1.8711059 0.73492795,1.6145716 
0.76000416,1.7121502 0.7364862,1.6418328 0.7769459,1.9177613 0.62923694,1.7112124 0.77499014,1.8541087 0.67683524,1.6600466 0.738768,1.8416332 0.79591715,1.7034217 0.76033986,1.6235815 0.6314974,1.750672 
0.65558887,1.6153696 0.70307577,1.6672201 0.7975086,1.9795661 0.77951896,1.8722553 0.7568501,1.8124086 0.60057354,1.7435908 0.75109273,1.8561199 0.72623265,1.797919 0.6173748,1.9463748 0.7931998,1.8510667 
0.77761984,1.9890522 0.6293074,1.9900347 0.7749772,1.9896996 0.7752102,1.7579899 0.6266838,1.7943332 0.6424526,1.8113756 0.7913641,1.986978 0.7502553,1.6752115 0.70564014,1.7372613 0.66314113,1.8064225 
0.67772055,1.7524513 0.68203527,1.7538514 0.64075214,1.6015602 0.63497746,1.9759512 0.7579426,1.9589148 0.6237132,1.691604 0.6579823,1.822852 0.652888,1.7007225 0.7564857,1.6812266 0.75238204,1.8870585 
0.67719424,1.779081 0.74189675,1.8844185 0.76127744,1.8171129 0.7839527,1.9248828 0.62482744,1.9510082 0.7247938,1.9160006 0.6652755,1.6546457 0.70192146,1.6870537 0.62125397,1.9906093 0.66990894,1.8310852 
0.625072,1.7735862 0.6530786,1.7032276 0.7415911,1.8541994 0.6755757,1.6275741 0.77332616,1.8710942 0.61569434,1.6051319 0.9573847,1.5269506 0.74813414,1.4877352 0.57759917,1.6790924 0.5558349,1.3814733 
0.6436701,1.9172646 0.6151973,1.8682605 0.8259696,1.3914888 0.63759065,1.7596071 0.8697376,1.2105148 0.854439,1.0930094 0.745852,1.44497 0.5304043,1.9470338 0.89568853,1.4823995 0.44643843,1.8199778 

Cluster 6: New center = 0.7106766,1.6743486

Run 2 dispersion = 362.35236

---------- End Run 2 ----------
